/GS0 gs
0.06999 g
-28.347 -9.5551 230.847 257.5 re
f
q
141.793 119.2174 m
141.793 83.8709 113.1392 55.2169 77.793 55.2169 c
42.4468 55.2169 13.793 83.8709 13.793 119.2174 c
13.793 154.5639 42.4468 183.2179 77.793 183.2179 c
113.1392 183.2179 141.793 154.5639 141.793 119.2174 c
W* n
4 w 
1 G
141.793 119.2174 m
141.793 83.8709 113.1392 55.2169 77.793 55.2169 c
42.4468 55.2169 13.793 83.8709 13.793 119.2174 c
13.793 154.5639 42.4468 183.2179 77.793 183.2179 c
113.1392 183.2179 141.793 154.5639 141.793 119.2174 c
s
Q
q
77.46 119.5509 m
77.46 53.8969 l
48.793 53.8969 l
f*
77.46 119.5509 m
106.126 53.8969 l
77.46 53.8969 l
f*
18.7746 168.3133 m
78.1787 227.7174 l
136.9218 168.9744 l
77.5176 109.5702 l
f*
0 0.35 0.8 0.2 k
105.0538 163.8759 m
113.6839 157.8325 l
53.4673 71.8434 l
44.8373 77.8868 l
f*
0.679 0.645 0.607 0.311 k
113.5412 157.5981 m
112.9526 156.7576 110.5272 157.4405 108.124 159.1235 c
105.7207 160.8064 104.2497 162.8521 104.8383 163.6926 c
105.4269 164.5331 107.8522 163.8502 110.2555 162.1672 c
112.6587 160.4843 114.1298 158.4386 113.5412 157.5981 c
f*
0 0.35 0.8 0.2 k
53.6138 72.0088 m
53.0252 71.1683 50.5998 71.8512 48.1966 73.5342 c
45.7933 75.2172 44.3222 77.2628 44.9108 78.1033 c
45.4994 78.9439 47.9248 78.2609 50.3281 76.578 c
52.7313 74.895 54.2024 72.8494 53.6138 72.0088 c
f*
41.7254 157.8555 m
50.3563 163.8995 l
110.5728 77.9104 l
101.9419 71.8664 l
f*
0.679 0.645 0.607 0.311 k
50.5328 163.6886 m
51.1214 162.8481 49.6505 160.8026 47.2475 159.1198 c
44.8445 157.437 42.4193 156.7542 41.8307 157.5947 c
41.2421 158.4352 42.713 160.4808 45.116 162.1636 c
47.519 163.8463 49.9442 164.5291 50.5328 163.6886 c
f*
0 0.35 0.8 0.2 k
110.4616 78.1009 m
111.0502 77.2604 109.5792 75.2147 107.1759 73.5318 c
104.7727 71.8488 102.3473 71.1659 101.7587 72.0064 c
101.1701 72.8469 102.6412 74.8926 105.0444 76.5756 c
107.4477 78.2585 109.873 78.9414 110.4616 78.1009 c
f*
0 0 0 0.29 k
138.1321 119.4052 m
132.7988 111.7892 125.5721 105.8103 117.2681 101.9886 c
117.0591 102.7832 l
114.0075 114.0541 107.5055 124.6721 98.5321 133.2865 c
112.2113 152.8204 l
123.4218 147.3187 135.6499 144.8094 147.3032 145.7522 c
147.425 145.7622 l
146.7942 136.3717 143.6208 127.2431 138.1321 119.4052 c
f*
Q
q
138.1319 119.4066 m
132.7985 111.7906 125.5719 105.8117 117.2679 101.9901 c
117.0589 102.7847 l
116.273 105.4384 l
123.8344 108.9805 130.4143 114.4613 135.287 121.4195 c
140.3204 128.6071 143.25 136.9676 143.8693 145.5763 c
145.0184 145.6029 146.1632 145.6618 147.303 145.7536 c
147.4253 145.7644 l
146.794 136.3731 143.6206 127.2446 138.1319 119.4066 c
W* n
7.9998 w 
0.679 0.645 0.607 0.311 K
138.1319 119.4066 m
132.7985 111.7906 125.5719 105.8117 117.2679 101.9901 c
117.0589 102.7847 l
116.273 105.4384 l
123.8344 108.9805 130.4143 114.4613 135.287 121.4195 c
140.3204 128.6071 143.25 136.9676 143.8693 145.5763 c
145.0184 145.6029 146.1632 145.6618 147.303 145.7536 c
147.4253 145.7644 l
146.794 136.3731 143.6206 127.2446 138.1319 119.4066 c
s
Q
q
0.985 0.32 0.145 0.023 k
15.863 100.8109 m
50.91 100.8109 l
50.91 74.0239 l
15.863 74.0239 l
15.863 74.3829 l
27.735 87.4499 l
15.863 100.5159 l
f*
0.969 0.51 0.324 0.456 k
40.211 95.2089 m
49.968 100.7419 l
50.819 100.7419 l
50.819 78.2819 l
48.698 77.0789 l
f*
0.985 0.32 0.145 0.023 k
140.3901 74.2358 m
105.3441 74.2358 l
105.3441 101.0218 l
140.3901 101.0218 l
140.3901 100.6638 l
128.5191 87.5968 l
140.3901 74.5298 l
f*
0.969 0.51 0.324 0.456 k
115.887 95.4749 m
107.397 77.3459 l
105.277 78.5479 l
105.277 101.0089 l
106.127 101.0089 l
f*
1 0 0 0 k
40.584 68.1899 75.173 26.787 re
f
0.985 0.32 0.145 0.023 k
53.843 90.8269 m
54.311 90.8269 54.581 90.5289 54.581 90.0149 c
54.581 83.2419 l
54.581 82.7269 54.852 82.4289 55.32 82.4289 c
57.683 82.4289 l
58.175 82.4289 58.421 82.7269 58.421 83.2419 c
58.421 90.0149 l
58.421 90.5289 58.692 90.8269 59.159 90.8269 c
61.916 90.8269 l
62.408 90.8269 62.654 90.5569 62.654 90.0149 c
62.654 72.6759 l
62.654 72.1619 62.408 71.8639 61.916 71.8639 c
59.159 71.8639 l
58.692 71.8639 58.421 72.1619 58.421 72.6759 c
58.421 76.9569 l
58.421 77.4989 58.175 77.7699 57.683 77.7699 c
55.32 77.7699 l
54.852 77.7699 54.581 77.4989 54.581 76.9569 c
54.581 72.6759 l
54.581 72.1619 54.335 71.8639 53.843 71.8639 c
51.086 71.8639 l
50.619 71.8639 50.348 72.1619 50.348 72.6759 c
50.348 90.0149 l
50.348 90.5569 50.594 90.8269 51.086 90.8269 c
53.843 90.8269 l
h
81.175 81.5079 m
85.827 72.8389 l
86.123 72.2699 85.901 71.8639 85.31 71.8639 c
82.258 71.8639 l
81.84 71.8639 81.569 72.0259 81.372 72.4059 c
78.936 76.9569 l
78.837 77.1459 78.714 77.1459 78.616 76.9569 c
76.253 72.4329 l
76.056 72.0259 75.785 71.8639 75.367 71.8639 c
72.019 71.8639 l
71.429 71.8639 71.207 72.2699 71.503 72.8389 c
76.228 81.6439 l
76.302 81.7789 76.302 81.8869 76.228 82.0229 c
72.044 89.8519 l
71.749 90.4209 71.97 90.8269 72.561 90.8269 c
75.613 90.8269 l
76.031 90.8269 76.302 90.6649 76.499 90.2859 c
78.493 86.5199 l
78.591 86.3299 78.739 86.3299 78.837 86.5199 c
80.855 90.2859 l
81.052 90.6649 81.323 90.8269 81.741 90.8269 c
84.818 90.8269 l
85.384 90.8269 85.606 90.4209 85.31 89.8519 c
81.175 81.8869 l
81.102 81.7519 81.102 81.6439 81.175 81.5079 c
h
95.414 90.8269 m
100.828 90.8269 l
105.21 90.8269 106.982 88.7689 106.982 84.3259 c
106.982 79.8829 105.21 77.8239 100.828 77.8239 c
99.647 77.8239 l
99.179 77.8239 98.909 77.5529 98.909 77.0109 c
98.909 72.6759 l
98.909 72.1349 98.662 71.8639 98.17 71.8639 c
95.414 71.8639 l
94.946 71.8639 94.675 72.1619 94.675 72.6759 c
94.675 89.9879 l
94.675 90.5289 94.921 90.7999 95.414 90.8269 c
h
99.647 82.4829 m
100.976 82.4829 l
102.158 82.4829 102.748 82.6459 102.748 84.3259 c
102.748 86.0049 102.158 86.1679 100.976 86.1679 c
99.647 86.1679 l
99.179 86.1679 98.909 85.8969 98.909 85.3549 c
98.909 83.2959 l
98.909 82.7809 99.179 82.4829 99.647 82.4829 c
f*
0.969 0.51 0.324 0.456 k
53.012 92.0469 m
53.48 92.0469 53.75 91.7489 53.75 91.2339 c
53.75 84.4619 l
53.75 83.9469 54.021 83.6489 54.489 83.6489 c
56.852 83.6489 l
57.344 83.6489 57.59 83.9469 57.59 84.4619 c
57.59 91.2339 l
57.59 91.7489 57.861 92.0469 58.328 92.0469 c
61.085 92.0469 l
61.577 92.0469 61.823 91.7759 61.823 91.2339 c
61.823 73.8959 l
61.823 73.3809 61.577 73.0829 61.085 73.0829 c
58.328 73.0829 l
57.861 73.0829 57.59 73.3809 57.59 73.8959 c
57.59 78.1759 l
57.59 78.7179 57.344 78.9889 56.852 78.9889 c
54.489 78.9889 l
54.021 78.9889 53.75 78.7179 53.75 78.1759 c
53.75 73.8959 l
53.75 73.3809 53.504 73.0829 53.012 73.0829 c
50.255 73.0829 l
49.788 73.0829 49.517 73.3809 49.517 73.8959 c
49.517 91.2339 l
49.517 91.7759 49.763 92.0469 50.255 92.0469 c
53.012 92.0469 l
h
80.344 82.7279 m
84.996 74.0589 l
85.292 73.4899 85.07 73.0829 84.479 73.0829 c
81.427 73.0829 l
81.009 73.0829 80.738 73.2459 80.541 73.6249 c
78.105 78.1759 l
78.006 78.3659 77.883 78.3659 77.785 78.1759 c
75.422 73.6519 l
75.225 73.2459 74.954 73.0829 74.536 73.0829 c
71.188 73.0829 l
70.598 73.0829 70.376 73.4899 70.672 74.0589 c
75.397 82.8629 l
75.471 82.9989 75.471 83.1069 75.397 83.2419 c
71.213 91.0719 l
70.918 91.6409 71.139 92.0469 71.73 92.0469 c
74.782 92.0469 l
75.2 92.0469 75.471 91.8839 75.668 91.5049 c
77.662 87.7399 l
77.76 87.5499 77.908 87.5499 78.006 87.7399 c
80.024 91.5049 l
80.221 91.8839 80.492 92.0469 80.91 92.0469 c
83.987 92.0469 l
84.553 92.0469 84.775 91.6409 84.479 91.0719 c
80.344 83.1069 l
80.271 82.9719 80.271 82.8629 80.344 82.7279 c
h
94.583 92.0469 m
99.997 92.0469 l
104.379 92.0469 106.151 89.9879 106.151 85.5449 c
106.151 81.1019 104.379 79.0429 99.997 79.0429 c
98.816 79.0429 l
98.348 79.0429 98.078 78.7719 98.078 78.2309 c
98.078 73.8959 l
98.078 73.3539 97.832 73.0829 97.339 73.0829 c
94.583 73.0829 l
94.115 73.0829 93.844 73.3809 93.844 73.8959 c
93.844 91.2069 l
93.844 91.7489 94.09 92.0199 94.583 92.0469 c
h
98.816 83.7029 m
100.145 83.7029 l
101.327 83.7029 101.917 83.8659 101.917 85.5449 c
101.917 87.2249 101.327 87.3869 100.145 87.3869 c
98.816 87.3869 l
98.348 87.3869 98.078 87.1159 98.078 86.5749 c
98.078 84.5159 l
98.078 84.0009 98.348 83.7029 98.816 83.7029 c
f*
BT
/F0 1 Tf
9.6278 10.164 -10.164 9.6278 31.7173 157.4364 Tm
1 g
<00>Tj
11.3358 8.2166 -8.2166 11.3358 38.1442 164.263 Tm
(\t)Tj
12.6896 5.9136 -5.9136 12.6896 48.5443 171.4932 Tm
(\b)Tj
13.3532 4.2042 -4.2042 13.3532 58.0414 175.6297 Tm
<07>Tj
13.7816 2.4598 -2.4598 13.7816 62.933 177.2544 Tm
(\b)Tj
13.9986 0.1736 -0.1736 13.9986 72.9851 178.8996 Tm
<06>Tj
13.5982 -3.3292 3.3292 13.5982 88.1065 178.1988 Tm
<01>Tj
13.0956 -4.9504 4.9504 13.0956 97.1498 175.7655 Tm
<07>Tj
12.3312 -6.629 6.629 12.3312 102.1896 173.9324 Tm
(\b)Tj
11.1034 -8.526 8.526 11.1034 111.058 168.9953 Tm
<03>Tj
9.6432 -10.15 10.15 9.6432 118.415 163.1814 Tm
<05>Tj
13.5562 -3.4958 3.4958 13.5562 56.7097 54.2815 Tm
<0B>Tj
8.9091 -1.2744 1.2744 8.9091 65.4668 52.1419 Tm
(\n)Tj
13.993 -0.434 0.434 13.993 71.6855 51.2338 Tm
(\f)Tj
13.9146 1.5442 -1.5442 13.9146 81.1856 51.0388 Tm
<04>Tj
13.5618 3.4748 -3.4748 13.5618 90.7299 52.1926 Tm
<02>Tj
ET
0 0 0 0.29 k
16.8382 120.4905 m
11.5096 128.1102 8.3668 136.9474 7.6206 146.0585 c
8.4387 145.9827 l
20.0743 144.9896 32.2769 147.4608 43.4451 152.9415 c
57.1123 133.3981 l
48.1032 124.7499 41.5562 114.12 38.451 102.8488 c
38.4187 102.731 l
29.8111 106.5397 22.3222 112.6487 16.8382 120.4905 c
f*
Q
q
16.842 120.4913 m
11.5127 128.1118 8.3713 136.9487 7.6237 146.0601 c
8.4419 145.9843 l
11.2058 145.8134 l
11.9431 137.4966 14.8386 129.4371 19.7071 122.4754 c
24.7361 115.2843 31.5876 109.6679 39.4637 106.1373 c
39.0951 105.0485 38.7583 103.9527 38.4541 102.8504 c
38.4224 102.7317 l
29.8151 106.5418 22.326 112.6495 16.842 120.4913 c
W* n
8.0001 w 
0.679 0.645 0.607 0.311 K
16.842 120.4913 m
11.5127 128.1118 8.3713 136.9487 7.6237 146.0601 c
8.4419 145.9843 l
11.2058 145.8134 l
11.9431 137.4966 14.8386 129.4371 19.7071 122.4754 c
24.7361 115.2843 31.5876 109.6679 39.4637 106.1373 c
39.0951 105.0485 38.7583 103.9527 38.4541 102.8504 c
38.4224 102.7317 l
29.8151 106.5418 22.326 112.6495 16.842 120.4913 c
s
Q
