/OC /MC0 BDC
3.9999 w 
0.969 0.51 0.324 0.456 K
29.7991 39.0917 m
72.6132 219.3331 l
S
EMC
/OC /MC1 BDC
0.969 0.51 0.324 0.456 k
139.2921 90.0541 m
134.3474 91.2835 l
129.5052 92.9694 l
124.7534 95.0666 l
120.0767 97.5014 l
115.4525 100.1725 l
110.8558 102.9624 l
106.2563 105.7448 l
101.6267 108.3914 l
96.9426 110.788 l
92.1799 112.8362 l
87.324 114.4648 l
82.3661 115.6347 l
77.3053 116.3418 l
72.1491 116.6154 l
66.9093 116.5172 l
61.6072 116.1389 l
59.4076 114.2853 l
79.7781 205.9147 l
80.7474 210.275 l
86.0923 210.8506 l
91.4101 211.2992 l
96.6738 211.5047 l
101.8601 211.3668 l
106.9552 210.8139 l
111.9487 209.8041 l
116.8387 208.3288 l
121.6307 206.4174 l
126.3404 204.1309 l
130.9863 201.5574 l
135.5919 198.8075 l
140.1872 196.0066 l
144.7991 193.2799 l
149.4551 190.7523 l
154.1789 188.5293 l
158.9883 186.696 l
163.8977 185.3075 l
168.9101 184.3827 l
174.0224 183.912 l
179.2263 183.8439 l
184.5007 184.1024 l
189.8258 184.5841 l
195.1729 185.1696 l
200.5158 185.7313 l
205.8253 186.1428 l
211.0762 186.2907 l
216.2464 186.0806 l
221.3228 185.4437 l
226.2968 184.3462 l
231.1694 182.7876 l
205.2985 81.8518 l
206.5024 87.2672 l
201.6659 88.9785 l
196.7272 90.2352 l
191.6853 91.0273 l
186.5461 91.377 l
181.3204 91.3423 l
176.0285 91.0099 l
170.6948 90.485 l
165.3454 89.894 l
160.0093 89.3624 l
154.7141 89.0154 l
149.485 88.961 l
144.3396 89.2874 l
f*
EMC
/OC /MC2 BDC
86.3134 158.8186 m
90.0692 175.7225 l
91.0609 180.1857 94.667 191.9435 110.6923 188.3829 c
125.0951 185.1827 125.1773 175.0179 124.291 169.7517 c
124.149 168.7896 123.3745 168.1811 122.3825 168.1884 c
114.5018 168.1652 l
113.0223 168.2101 112.1501 169.3976 112.2627 170.8631 c
112.5858 173.9126 111.7591 175.9412 108.1081 176.7524 c
103.1041 177.8643 102.0604 174.7618 100.9034 169.5547 c
98.7401 159.8181 l
97.5833 154.612 97.2148 151.3585 102.2189 150.2467 c
105.9382 149.4203 107.3431 150.953 108.4393 153.9732 c
108.9579 155.3484 110.2347 155.9867 111.5127 155.3483 c
118.7768 151.9601 l
119.6786 151.5466 120.1227 150.6684 119.8289 149.6693 c
118.4166 144.5897 114.0376 135.4161 99.6347 138.6162 c
83.6094 142.1768 85.3217 154.3554 86.3134 158.8186 c
f*
EMC
/OC /MC3 BDC
141.5278 151.7209 m
141.8284 153.0739 141.302 153.8997 139.95 154.2001 c
130.4837 156.3034 l
129.1991 156.5889 128.6205 157.498 128.9059 158.7827 c
130.5887 166.356 l
130.889 167.7081 131.7832 168.2193 133.0679 167.9338 c
167.6869 160.2419 l
169.0399 159.9413 169.5661 159.1145 169.2657 157.7625 c
167.5829 150.1891 l
167.2975 148.9044 166.4557 148.3109 165.1027 148.6115 c
155.6365 150.7148 l
154.3518 151.0002 153.4579 150.4899 153.1573 149.1369 c
146.1262 117.4924 l
145.8408 116.2078 145 115.614 143.6469 115.9146 c
136.0746 117.5971 l
134.7899 117.8825 134.2113 118.7917 134.4967 120.0764 c
f*
EMC
/OC /MC4 BDC
207.9072 159.1136 m
209.2601 158.813 209.7856 157.9873 209.4852 156.6353 c
207.8025 149.0619 l
207.517 147.7772 206.6762 147.1835 205.3232 147.4841 c
188.2836 151.2701 l
186.999 151.5555 186.1048 151.0443 185.8044 149.6923 c
185.3235 147.528 l
185.0381 146.2433 185.6167 145.3342 186.9014 145.0488 c
198.0583 142.5698 l
199.4104 142.2694 199.9368 141.4436 199.6362 140.0905 c
197.9537 132.5182 l
197.6682 131.2335 196.8264 130.64 195.4744 130.9404 c
184.3174 133.4193 l
183.0327 133.7047 182.1386 133.1935 181.8382 131.8415 c
178.7731 118.0468 l
178.4877 116.7621 177.6459 116.1686 176.2939 116.469 c
168.3154 118.2417 l
167.0307 118.5271 166.4521 119.4362 166.7376 120.721 c
176.353 163.9969 l
176.6534 165.3489 177.5473 165.8592 178.832 165.5737 c
f*
EMC
/OC /MC5 BDC
0 0.843 0.827 0 k
136.3186 95.9364 m
131.3739 97.1658 l
126.5318 98.8517 l
121.7802 100.9498 l
117.1035 103.3847 l
112.4803 106.0555 l
107.8826 108.8456 l
103.2829 111.627 l
98.6535 114.2746 l
93.9691 116.6703 l
89.2065 118.7186 l
84.3508 120.3481 l
79.3928 121.5179 l
74.3318 122.2241 l
69.1757 122.4977 l
63.9359 122.3995 l
58.634 122.0222 l
56.4344 120.1685 l
76.8046 211.797 l
77.7742 216.1582 l
83.1191 216.7339 l
88.4369 217.1824 l
93.7005 217.3879 l
98.8868 217.2501 l
103.9819 216.6971 l
108.9754 215.6874 l
113.8652 214.2111 l
118.6575 212.3006 l
123.3672 210.0142 l
128.0131 207.4407 l
132.6197 204.6906 l
137.2138 201.8889 l
141.8258 199.1632 l
146.4819 196.6356 l
151.2057 194.4126 l
156.0161 192.579 l
160.9242 191.1898 l
165.9368 190.266 l
171.0499 189.794 l
176.2531 189.7272 l
181.5275 189.9857 l
186.8526 190.4674 l
192.2007 191.0526 l
197.5433 191.6134 l
202.8518 192.0251 l
208.1029 192.174 l
213.274 191.9627 l
218.3496 191.327 l
223.3236 190.2294 l
228.1959 188.6699 l
202.3262 87.7349 l
203.5301 93.1503 l
198.6926 94.8618 l
193.755 96.1183 l
188.7131 96.9104 l
183.5728 97.2603 l
178.3472 97.2256 l
173.056 96.892 l
167.7216 96.3683 l
162.3722 95.7772 l
157.036 95.2457 l
151.7419 94.8984 l
146.5118 94.8442 l
141.3662 95.1697 l
f*
EMC
/OC /MC6 BDC
0 0 0 0 k
83.3475 164.7051 m
87.1034 181.609 l
88.095 186.0722 91.7011 197.83 107.7255 194.2696 c
122.1283 191.0695 122.2115 180.9044 121.325 175.6372 c
121.1822 174.6764 120.4087 174.0676 119.4167 174.075 c
111.535 174.0519 l
110.0555 174.0969 109.1843 175.2841 109.2968 176.7496 c
109.62 179.7991 108.7933 181.8278 105.1413 182.6392 c
100.1383 183.7508 99.0936 180.6485 97.9366 175.4415 c
95.7733 165.7048 l
94.6165 160.4988 94.249 157.245 99.252 156.1334 c
102.9714 155.307 104.3763 156.8398 105.4734 159.8597 c
105.9911 161.2352 107.2689 161.8732 108.5459 161.235 c
115.811 157.8466 l
116.713 157.4341 117.1558 156.5551 116.8631 155.5558 c
115.451 150.4772 111.0708 141.3028 96.6679 144.5029 c
80.6436 148.0634 82.356 160.2429 83.3475 164.7051 c
f*
EMC
/OC /MC7 BDC
138.5515 157.5979 m
138.8519 158.9499 138.3266 159.7765 136.9736 160.0771 c
127.5075 162.1804 l
126.2228 162.4659 125.6442 163.375 125.9296 164.6597 c
127.6121 172.2321 l
127.9127 173.5851 128.8067 174.0953 130.0914 173.8099 c
164.7113 166.1178 l
166.0634 165.8174 166.5898 164.9915 166.2892 163.6385 c
164.6067 156.0661 l
164.3212 154.7814 163.4794 154.1879 162.1274 154.4883 c
152.6612 156.5916 l
151.3765 156.877 150.4823 156.3658 150.1819 155.0137 c
143.1507 123.3683 l
142.8652 122.0836 142.0235 121.4901 140.6714 121.7905 c
133.0981 123.4732 l
131.8134 123.7586 131.2348 124.6677 131.5202 125.9524 c
f*
EMC
/OC /MC8 BDC
204.942 165.0012 m
206.295 164.7006 206.8213 163.8738 206.5208 162.5217 c
204.8381 154.9484 l
204.5527 153.6637 203.7109 153.0702 202.3579 153.3708 c
185.3193 157.1566 l
184.0346 157.442 183.1407 156.9317 182.8401 155.5787 c
182.3594 153.4155 l
182.0739 152.1308 182.6525 151.2216 183.9372 150.9362 c
195.0932 148.4575 l
196.4462 148.1568 196.9715 147.3302 196.6711 145.9782 c
194.9883 138.4048 l
194.7029 137.1202 193.8621 136.5264 192.5091 136.827 c
181.3531 139.3058 l
180.0684 139.5912 179.1744 139.0809 178.8738 137.7279 c
175.809 123.9342 l
175.5236 122.6495 174.6818 122.056 173.3297 122.3564 c
165.3513 124.1291 l
164.0666 124.4146 163.488 125.3237 163.7735 126.6084 c
173.3886 169.8833 l
173.6891 171.2354 174.5832 171.7466 175.8679 171.4612 c
f*
EMC
